500     7.530046       11911             671.65              
501     7.521037       12247             653.22              
502     7.551377       12240             653.59              
503     7.520452       11919             671.20              
504     7.528317       12236             653.81              
505     7.515585       12213             655.04              
506     7.525467       11954             669.23              
507     7.508994       12232             654.02              
508     7.513455       12218             654.77              
509     7.517144       11930             670.58              
510     7.509868       12188             656.38              
511     7.511288       12118             660.17              
512     7.501981       12058             663.46              
513     7.498740       12205             655.47              
514     7.504878       12150             658.44              
515     7.519946       12054             663.68              
516     7.506407       12230             654.13              
517     7.500721       11926             670.80              
518     7.523888       12206             655.42              
519     7.526364       12207             655.36              
520     7.512781       11940             670.02              
521     7.532685       12248             653.17              
522     7.514297       12244             653.38              
523     7.515645       12548             637.55              
524     7.514246       11710             683.18              
525     7.518784       12209             655.25              
526     7.525819       11940             670.02              
527     7.525397       12125             659.79              
528     7.506459       12050             663.90              
529     7.528307       12202             655.63              
530     7.517393       12115             660.34              
531     7.514015       12013             665.95              
532     7.503311       12198             655.85              
533     7.524192       11925             670.86              
534     7.512638       12226             654.34              
535     7.524858       12254             652.85              
536     7.516889       11926             670.80              
537     7.513332       12206             655.42              
538     7.512000       12203             655.58              
539     7.517281       11951             669.40              
540     7.516785       12220             654.66              
541     7.499066       12201             655.68              
542     7.508471       12081             662.20              
543     7.531691       12393             645.53              
544     7.550651       11965             668.62              
545     7.529284       11950             669.46              
546     7.511705       12088             661.81              
547     7.539997       12060             663.35              
548     7.523046       12220             654.66              
549     7.508070       11939             670.07              
550     7.498885       12243             653.43              
551     7.524537       12229             654.18              
552     7.532295       11904             672.04              
553     7.512979       12242             653.49              
554     7.521104       12214             654.99              
555     7.528214       11952             669.34              
556     7.514079       12214             654.99              
557     7.513539       12234             653.92              
558     7.520359       11945             669.74              
559     7.518725       12242             653.49              
560     7.513637       12240             653.59              
561     7.493674       11939             670.07              
562     7.517130       12233             653.97              
563     7.506326       12215             654.93              
564     7.509865       11952             669.34              
565     7.524076       12230             654.13              
566     7.501501       12233             653.97              
567     7.507041       11935             670.30              
568     7.526121       12240             653.59              
569     7.536016       12199             655.79              
570     7.535457       11960             668.90              
571     7.536588       12231             654.08              
572     7.520198       12761             626.91              
573     7.528161       12275             651.73              
574     7.519356       11880             673.40              
575     7.511290       12432             643.50              
576     7.525106       12124             659.85              
577     7.517602       12037             664.62              
578     7.517501       11989             667.28              
579     7.520796       11890             672.83              
580     7.518895       11755             680.56              
581     7.532570       11695             684.05              
582     7.506813       11980             667.78              
583     7.520578       11718             682.71              
584     7.513318       11723             682.42              
585     7.516030       11711             683.12              
586     7.512501       11713             683.00              
587     7.528544       11716             682.83              
588     7.500400       11710             683.18              
589     7.504381       11723             682.42              
590     7.529187       11957             669.06              
591     7.517145       11953             669.29              
592     7.536170       11746             681.08              
593     7.539221       11691             684.29              
594     7.535118       11690             684.35              
595     7.523933       11690             684.35              
596     7.534248       11684             684.70              
597     7.536997       11694             684.11              
598     7.518714       11696             683.99              
599     7.515963       11689             684.40              
600     7.526366       11700             683.76              
601     7.515616       11690             684.35              
602     7.504738       11687             684.52              
603     7.526526       11694             684.11              
604     7.512859       11692             684.23              
605     7.524290       11694             684.11              
606     7.526301       11695             684.05              
607     7.521048       11690             684.35              
608     7.531779       11693             684.17              
609     7.578428       11694             684.11              
610     7.565146       11692             684.23              
611     7.528343       11691             684.29              
612     7.522526       11688             684.46              
613     7.508778       11691             684.29              
614     7.506162       11687             684.52              
615     7.517294       11692             684.23              
616     7.521032       11691             684.29              
617     7.513039       11694             684.11              
618     7.481858       11695             684.05              
619     7.492349       11701             683.70              
620     7.509058       11691             684.29              
621     7.497398       11757             680.45              
622     7.505528       11832             676.13              
623     7.512151       11961             668.84              
624     7.513054       11833             676.08              
625     7.510772       11741             681.37              
626     7.530774       11723             682.42              
627     7.510562       11724             682.36              
628     7.525455       11734             681.78              
629     7.530192       11694             684.11              
630     7.523225       11694             684.11              
631     7.535448       11690             684.35              
632     7.533420       11692             684.23              
633     7.520190       11698             683.88              
634     7.517921       11702             683.64              
635     7.535871       11699             683.82              
636     7.509228       11699             683.82              
637     7.521188       11694             684.11              
638     7.495693       11691             684.29              
639     7.515254       11696             683.99              
640     7.514997       11689             684.40              
641     7.501355       11693             684.17              
642     7.516832       11692             684.23              
643     7.495668       11689             684.40              
644     7.496301       11691             684.29              
645     7.500078       11688             684.46              
646     7.502461       11693             684.17              
647     7.514870       11693             684.17              
648     7.511701       11686             684.58              
649     7.543993       11692             684.23              
650     7.528080       11691             684.29              
651     7.495316       11691             684.29              
652     7.528152       11685             684.64              
653     7.510547       11693             684.17              
654     7.498872       11682             684.81              
655     7.520478       11690             684.35              
656     7.527667       11748             680.97              
657     7.541436       11715             682.89              
658     7.522411       11766             679.93              
659     7.534659       11770             679.69              
660     7.519461       11758             680.39              
661     7.483711       11782             679.00              
662     7.505142       11749             680.91              
663     7.511508       11722             682.48              
664     7.500999       11721             682.54              
665     7.518150       11743             681.26              
666     7.505673       11730             682.01              
667     7.495859       11774             679.46              
668     7.511549       11768             679.81              
669     7.499824       11685             684.64              
670     7.476551       11715             682.89              
671     7.528622       11701             683.70              
672     7.505209       11698             683.88              
673     7.532382       11700             683.76              
674     7.514796       11697             683.94              
675     7.508396       11706             683.41              
676     7.522985       11694             684.11              
677     7.510680       11697             683.94              
678     7.515977       11700             683.76              
679     7.521996       11696             683.99              
680     7.534822       11708             683.29              
681     7.524543       11696             683.99              
682     7.539206       11698             683.88              
683     7.521874       11701             683.70              
684     7.520851       11696             683.99              
685     7.504650       11699             683.82              
686     7.524806       11694             684.11              
687     7.485978       11849             675.16              
688     7.506316       11795             678.25              
689     7.523416       11973             668.17              
690     7.507592       11766             679.93              
691     7.507036       11898             672.38              
692     7.514221       11840             675.68              
693     7.503774       11905             671.99              
694     7.499364       11729             682.07              
695     7.509133       11887             673.00              
696     7.496727       11953             669.29              
697     7.503003       11798             678.08              
698     7.529455       11817             676.99              
699     7.509854       11739             681.49              
700     7.506848       11805             677.68              
701     7.506360       11826             676.48              
702     7.506393       11954             669.23              
703     7.522244       12060             663.35              
704     7.514081       11939             670.07              
705     7.513449       11890             672.83              
706     7.523568       11886             673.06              
707     7.535511       12037             664.62              
708     7.529370       11936             670.24              
709     7.502579       12097             661.32              
710     7.501115       12096             661.38              
711     7.530377       12061             663.29              
712     7.537313       11848             675.22              
713     7.518102       11799             678.02              
714     7.494483       11722             682.48              
715     7.497544       11757             680.45              
716     7.510929       11721             682.54              
717     7.505660       11710             683.18              
718     7.494455       11718             682.71              
719     7.518109       11689             684.40              
720     7.510406       11694             684.11              
721     7.502642       11685             684.64              
722     7.526304       11689             684.40              
723     7.533678       11690             684.35              
724     7.520563       11685             684.64              
725     7.517763       11755             680.56              
726     7.505784       11727             682.19              
727     7.514602       11739             681.49              
728     7.521680       11710             683.18              
729     7.520719       11707             683.35              
730     7.536878       11710             683.18              
731     7.526421       11711             683.12              
732     7.534847       11726             682.24              
733     7.519744       11733             681.84              
734     7.519181       11711             683.12              
735     7.519543       11708             683.29              
736     7.504898       11741             681.37              
737     7.493145       11727             682.19              
738     7.515283       11738             681.55              
739     7.533074       11713             683.00              
740     7.501219       11715             682.89              
741     7.529245       11714             682.94              
742     7.513439       11730             682.01              
743     7.488994       11713             683.00              
744     7.526651       11714             682.94              
745     7.515023       11707             683.35              
746     7.520325       11725             682.30              
747     7.516512       11716             682.83              
748     7.524800       11711             683.12              
749     7.512280       11713             683.00              
750     7.519001       11710             683.18              
751     7.516428       11714             682.94              
752     7.508113       11761             680.21              
753     7.497684       11770             679.69              
754     7.532449       11822             676.70              
755     7.517207       11771             679.64              
756     7.532553       11715             682.89              
757     7.542089       11868             674.08              
758     7.518480       11886             673.06              
759     7.516677       11779             679.17              
760     7.503284       11692             684.23              
761     7.510696       11873             673.80              
762     7.517394       12048             664.01              
763     7.501350       12271             651.94              
764     7.512989       11954             669.23              
765     7.502474       11761             680.21              
766     7.509808       11770             679.69              
767     7.507658       11789             678.60              
768     7.502047       11708             683.29              
769     7.506356       11704             683.53              
770     7.538102       11704             683.53              
771     7.537709       11702             683.64              
772     7.534278       11707             683.35              
773     7.521072       11702             683.64              
774     7.522046       11705             683.47              
775     7.536246       11705             683.47              
776     7.517207       11708             683.29              
777     7.537478       11703             683.59              
778     7.525083       11709             683.24              
779     7.517687       11699             683.82              
780     7.505251       11707             683.35              
781     7.527839       11665             685.81              
782     7.532445       11663             685.93              
783     7.514380       11668             685.64              
784     7.514979       11661             686.05              
785     7.522160       11656             686.34              
786     7.502495       11666             685.75              
787     7.499345       11678             685.05              
788     7.510490       11669             685.58              
789     7.525995       11665             685.81              
790     7.520780       11790             678.54              
791     7.516737       11777             679.29              
792     7.510150       11701             683.70              
793     7.512164       11942             669.90              
794     7.512673       11667             685.69              
795     7.521894       11677             685.11              
796     7.525454       11669             685.58              
797     7.528562       11795             678.25              
798     7.513467       11843             675.50              
799     7.506950       12275             651.73              
800     7.526303       11783             678.94              
801     7.511604       11779             679.17              
802     7.546535       11758             680.39              
803     7.514752       11856             674.76              
804     7.516553       11796             678.20              
805     7.514484       11795             678.25              
806     7.519374       11800             677.97              
807     7.500476       11829             676.30              
808     7.508144       11808             677.51              
809     7.514371       11805             677.68              
810     7.499793       11789             678.60              
811     7.501797       11712             683.06              
812     7.501349       11726             682.24              
813     7.492384       11818             676.93              
814     7.495901       12297             650.57              
815     7.515359       12208             655.31              
816     7.502624       11764             680.04              
817     7.494331       11763             680.10              
818     7.513643       11714             682.94              
819     7.526170       11671             685.46              
820     7.504610       11659             686.17              
821     7.525963       11664             685.87              
822     7.509325       11671             685.46              
823     7.511134       11664             685.87              
824     7.504810       11664             685.87              
825     7.515333       11662             685.99              
826     7.520284       11669             685.58              
827     7.517591       11675             685.22              
828     7.503681       11665             685.75              
829     7.525383       11662             685.99              
830     7.507681       11667             685.69              
831     7.506510       11697             683.94              
832     7.502305       11881             673.34              
833     7.518887       11716             682.83              
834     7.505994       11754             680.62              
835     7.522117       11752             680.74              
836     7.510425       12331             648.77              
837     7.505763       12067             662.97              
838     7.508116       11747             681.02              
839     7.512046       11867             674.14              
840     7.509375       11950             669.46              
841     7.497602       12180             656.81              
842     7.502643       12110             660.61              
843     7.522876       11816             677.05              
844     7.547204       12398             645.27              
845     7.527266       11714             682.94              
846     7.505853       11884             673.17              
847     7.532673       11697             683.94              
848     7.518654       11691             684.29              
849     7.503354       11688             684.46              
850     7.490802       11688             684.46              
851     7.527645       11695             684.05              
852     7.522836       11687             684.52              
853     7.508561       12196             655.95              
854     7.519076       11874             673.74              
855     7.527633       11770             679.69              
856     7.506920       12127             659.69              
857     7.506342       12295             650.67              
858     7.520987       11863             674.37              
859     7.513165       11813             677.22              
860     7.506793       11667             685.69              
861     7.493012       11668             685.64              
862     7.514056       11673             685.34              
863     7.500606       11686             684.58              
864     7.505354       11678             685.05              
865     7.528123       11673             685.34              
866     7.493331       11674             685.28              
867     7.502877       11671             685.46              
868     7.527620       11672             685.40              
869     7.528079       11675             685.22              
870     7.530490       11671             685.46              
871     7.533520       11670             685.52              
872     7.520541       11672             685.40              
873     7.523802       11671             685.46              
874     7.514350       11672             685.40              
875     7.511231       11674             685.28              
876     7.522303       11673             685.34              
877     7.511744       11672             685.40              
878     7.515716       11677             685.11              
879     7.519330       11673             685.34              
880     7.514782       11668             685.64              
881     7.528547       11670             685.52              
882     7.503016       11673             685.34              
883     7.520951       11675             685.22              
884     7.515256       11676             685.17              
885     7.507701       11669             685.58              
886     7.512943       11672             685.40              
887     7.524454       11673             685.34              
888     7.496388       11680             684.93              
889     7.503516       11676             685.17              
890     7.526867       11674             685.28              
891     7.514352       11676             685.17              
892     7.536491       11667             685.69              
893     7.538585       11673             685.34              
894     7.529616       11677             685.11              
895     7.523100       11677             685.11              
900     7.525954       11671             685.46              
901     7.513106       11667             685.69              
902     7.503776       11670             685.52              
903     7.525831       11675             685.22              
904     7.508094       11697             683.94              
905     7.523072       11668             685.64              
906     7.526310       11672             685.40              
907     7.519470       11673             685.34              
908     7.527889       11673             685.34              
909     7.577825       11670             685.52              
910     7.563653       11673             685.34              
911     7.524554       11673             685.34              
912     7.522134       11671             685.46              
913     7.510561       11666             685.75              
914     7.502970       11687             684.52              
915     7.514338       11678             685.05              
916     7.519200       11675             685.22              
917     7.510622       11674             685.28              
918     7.480292       11671             685.46              
919     7.487795       11672             685.40              
920     7.511812       11671             685.46              
921     7.493608       11673             685.34              
922     7.505312       11669             685.58              
923     7.510404       11667             685.69              
924     7.511860       11673             685.34              
925     7.507615       11667             685.69              
926     7.531608       11673             685.34              
927     7.511801       11673             685.34              
928     7.526098       11671             685.46              
929     7.525567       11669             685.58              
930     7.524345       11675             685.22              
931     7.534262       11669             685.58              
932     7.532230       11668             685.64              
933     7.516425       11667             685.69              
934     7.516809       11672             685.40              
935     7.537475       11674             685.28              
936     7.507139       11672             685.40              
937     7.518912       11668             685.64              
938     7.493576       11669             685.58              
939     7.511998       11675             685.22              
940     7.517897       11677             685.11              
941     7.498650       11672             685.40              
942     7.512754       12489             640.56              
943     7.498419       11736             681.66              
944     7.494792       11864             674.31              
945     7.502209       12097             661.32              
946     7.498801       11865             674.25              
947     7.511530       11967             668.51              
948     7.512265       11743             681.26              
949     7.543535       11859             674.59              
950     7.524553       11693             684.17              
951     7.494455       11696             683.99              
952     7.524469       11939             670.07              
953     7.508981       12080             662.25              
954     7.500314       12110             660.61              
955     7.519442       11770             679.69              
956     7.524534       12576             636.13              
957     7.543817       12716             629.13              
958     7.518724       12590             635.42              
959     7.532770       12279             651.52              
960     7.519808       12188             656.38              
961     7.482272       12215             654.93              
962     7.498945       12166             657.57              
963     7.512872       12290             650.94              
964     7.500394       12184             656.60              
965     7.517924       12236             653.81              
966     7.508609       12193             656.11              
967     7.487915       12480             641.03              
968     7.511058       20656             387.30              
969     7.499541       21233             376.77              
970     7.479681       12183             656.65              
971     7.527080       12933             618.57              
972     7.502007       12467             641.69              
973     7.530250       12419             644.17              
974     7.513150       12130             659.52              
975     7.508469       12152             658.33              
976     7.520412       12137             659.14              
977     7.510515       12184             656.60              
978     7.513557       12339             648.35              
979     7.521269       12506             639.69              
980     7.533179       12552             637.35              
981     7.522366       12450             642.57              
982     7.536659       12272             651.89              
983     7.521351       12312             649.77              
984     7.519248       12504             639.80              
985     7.504765       12516             639.18              
986     7.521312       12585             635.68              
987     7.485578       12477             641.18              
988     7.505305       12531             638.42              
989     7.520695       12413             644.49              
990     7.508290       12209             655.25              
991     7.507476       12109             660.67              
992     7.513075       12152             658.33              
993     7.501214       12129             659.58              
994     7.499694       12259             652.58              
995     7.509062       12116             660.28              
996     7.493745       12082             662.14              
997     7.502909       12231             654.08              
998     7.529148       12197             655.90              
999     7.508297       12197             655.90              
