Step    Loss           Time (ms)         Tokens/sec          
0       8.570937       11697             683.94              
1       7.825051       11659             686.17              
2       8.580853       11817             676.99              
3       7.868919       11795             678.25              
4       8.015891       11890             672.83              
5       8.204299       11828             676.36              
6       8.215692       11746             681.08              
7       8.112768       11716             682.83              
8       7.992386       11739             681.49              
9       7.893728       11719             682.65              
10      7.779765       11726             682.24              
11      7.689613       11725             682.30              
12      7.694536       11735             681.72              
13      7.646917       11741             681.37              
14      7.619670       11724             682.36              
15      7.625292       11743             681.26              
16      7.634876       11735             681.72              
17      7.620498       11736             681.66              
18      7.570077       11730             682.01              
19      7.556556       11732             681.90              
20      7.551836       11734             681.78              
21      7.557349       11728             682.13              
22      7.541605       11726             682.24              
23      7.554441       11716             682.83              
24      7.550423       11729             682.07              
25      7.561080       11721             682.54              
26      7.568346       11731             681.95              
27      7.543278       11734             681.78              
28      7.545423       11737             681.61              
29      7.548204       11722             682.48              
30      7.558841       11718             682.71              
31      7.554027       11735             681.72              
32      7.548445       11728             682.13              
33      7.544589       11736             681.66              
34      7.545147       11734             681.78              
35      7.552869       11721             682.54              
36      7.524795       11724             682.36              
37      7.535446       11724             682.36              
38      7.514365       11718             682.71              
39      7.529353       11723             682.42              
40      7.522648       11722             682.48              
41      7.517767       11720             682.59              
42      7.533434       11719             682.65              
43      7.509001       11728             682.13              
44      7.508236       11724             682.36              
45      7.512304       11832             676.13              
46      7.512926       11920             671.14              
47      7.527054       11881             673.34              
48      7.518308       11907             671.87              
49      7.555800       11783             678.94              
50      7.545070       11865             674.25              
51      7.507722       11769             679.75              
52      7.538807       11761             680.21              
53      7.518221       11751             680.79              
54      7.511675       11752             680.74              
55      7.535211       11747             681.02              
56      7.538538       11750             680.85              
57      7.548906       11744             681.20              
58      7.532970       11753             680.68              
59      7.537779       11754             680.62              
60      7.538474       11746             681.08              
61      7.497225       11779             679.17              
62      7.517439       12245             653.33              
63      7.519905       11957             669.06              
64      7.511094       12231             654.08              
65      7.531473       12236             653.81              
66      7.513068       11954             669.23              
67      7.511826       12242             653.49              
68      7.522987       12187             656.44              
69      7.508105       11947             669.62              
70      7.486758       12208             655.31              
71      7.545631       12249             653.11              
72      7.514775       11931             670.52              
73      7.548418       12189             656.33              
74      7.533954       12245             653.33              
75      7.520833       11935             670.30              
76      7.528872       12204             655.52              
77      7.532354       12230             654.13              
78      7.530580       11959             668.95              
79      7.535592       12239             653.65              
80      7.557763       12224             654.45              
81      7.528628       11946             669.68              
82      7.558011       12225             654.40              
83      7.539844       12114             660.39              
84      7.534808       12002             666.56              
85      7.522914       12218             654.77              
86      7.544007       12138             659.09              
87      7.498856       12056             663.57              
88      7.521951       12233             653.97              
89      7.535127       11940             670.02              
90      7.521928       12260             652.53              
91      7.526280       12241             653.54              
92      7.530276       11919             671.20              
93      7.520539       12227             654.29              
94      7.510370       12220             654.66              
95      7.527290       11931             670.52              
96      7.518415       12225             654.40              
97      7.513792       12182             656.71              
98      7.544091       11930             670.58              
99      7.526987       12251             653.01              
100     7.525494       12235             653.86              
101     7.520715       11954             669.23              
102     7.520060       12182             656.71              
103     7.542170       12209             655.25              
104     7.531412       11932             670.47              
105     7.529906       12224             654.45              
106     7.540988       12221             654.61              
107     7.554518       11927             670.75              
108     7.544259       12227             654.29              
109     7.525853       12248             653.17              
110     7.516049       11923             670.97              
111     7.548826       12200             655.74              
112     7.545949       12243             653.43              
113     7.539873       11944             669.79              
114     7.520499       12205             655.47              
115     7.514123       12221             654.61              
116     7.526376       11926             670.80              
117     7.524708       12198             655.85              
118     7.514818       12221             654.61              
119     7.525612       11957             669.06              
120     7.532361       12217             654.83              
121     7.526982       12190             656.28              
122     7.541632       11941             669.96              
123     7.549342       12240             653.59              
124     7.543531       12194             656.06              
125     7.531509       11960             668.90              
126     7.529191       12231             654.08              
127     7.530478       12113             660.45              
128     7.537510       12057             663.51              
129     7.543201       12229             654.18              
130     7.553060       12132             659.41              
131     7.539534       12031             664.95              
132     7.563228       12225             654.40              
133     7.533130       11913             671.54              
134     7.534004       12198             655.85              
135     7.542402       12253             652.90              
136     7.520099       11953             669.29              
137     7.504983       12194             656.06              
138     7.538058       12254             652.85              
139     7.549322       11918             671.25              
140     7.514703       12223             654.50              
141     7.550837       12217             654.83              
142     7.535743       11931             670.52              
143     7.503568       12236             653.81              
144     7.542046       12244             653.38              
145     7.534507       11957             669.06              
146     7.534638       12227             654.29              
147     7.533870       12203             655.58              
148     7.540574       11923             670.97              
149     7.536930       12211             655.15              
150     7.533410       12197             655.90              
151     7.526539       11960             668.90              
152     7.526890       12220             654.66              
153     7.522390       12218             654.77              
154     7.544593       11917             671.31              
155     7.525370       12225             654.40              
156     7.556554       12230             654.13              
157     7.559279       11939             670.07              
158     7.531943       12225             654.40              
159     7.534591       12179             656.87              
160     7.525872       11943             669.85              
161     7.521211       12227             654.29              
162     7.535783       12236             653.81              
163     7.519660       11945             669.74              
164     7.526582       12241             653.54              
165     7.524016       12239             653.65              
166     7.524792       11919             671.20              
167     7.525275       12250             653.06              
168     7.526389       12242             653.49              
169     7.513165       11959             668.95              
170     7.557908       12190             656.28              
171     7.555655       12105             660.88              
172     7.556218       12017             665.72              
173     7.539616       12246             653.27              
174     7.541314       12132             659.41              
175     7.552265       12069             662.86              
176     7.531226       12176             657.03              
177     7.555828       11953             669.29              
178     7.545189       12259             652.58              
179     7.538362       12221             654.61              
180     7.528275       11947             669.62              
181     7.542836       12235             653.86              
182     7.547237       12219             654.72              
183     7.534761       11932             670.47              
184     7.533946       12240             653.59              
185     7.536264       12247             653.22              
186     7.523403       11929             670.63              
187     7.520346       12241             653.54              
188     7.527686       12237             653.76              
189     7.537520       11941             669.96              
190     7.542690       12207             655.36              
191     7.531654       12202             655.63              
192     7.531720       11945             669.74              
193     7.532418       12178             656.92              
194     7.537491       12215             654.93              
195     7.529005       11927             670.75              
196     7.542205       12196             655.95              
197     7.553501       12242             653.49              
198     7.529202       11958             669.01              
199     7.520354       12234             653.92              
200     7.549265       12253             652.90              
201     7.527785       11932             670.47              
202     7.557940       12251             653.01              
203     7.536321       12247             653.22              
204     7.535852       11944             669.79              
205     7.520317       12234             653.92              
206     7.538431       12230             654.13              
207     7.519817       11941             669.96              
208     7.523530       12226             654.34              
209     7.522976       12213             655.04              
210     7.513764       11946             669.68              
211     7.522141       12219             654.72              
212     7.510441       12219             654.72              
213     7.508034       11931             670.52              
214     7.510873       12211             655.15              
215     7.528544       12099             661.21              
216     7.507418       12025             665.28              
217     7.509472       12196             655.95              
218     7.531032       12129             659.58              
219     7.534600       12060             663.35              
220     7.519031       12249             653.11              
221     7.538758       12128             659.63              
222     7.522275       12026             665.23              
223     7.521661       12245             653.33              
224     7.520397       11948             669.57              
225     7.524458       12245             653.33              
226     7.530568       12228             654.24              
227     7.526352       11932             670.47              
228     7.514306       12244             653.38              
229     7.534887       12209             655.25              
230     7.519933       11934             670.35              
231     7.518754       12213             655.04              
232     7.507557       12213             655.04              
233     7.530130       11939             670.07              
234     7.513348       12234             653.92              
235     7.530640       12232             654.02              
236     7.509254       11948             669.57              
237     7.528191       12234             653.92              
238     7.516185       12264             652.32              
239     7.516650       11922             671.03              
240     7.522263       12208             655.31              
241     7.504773       12223             654.50              
242     7.507689       11950             669.46              
243     7.534424       12202             655.63              
244     7.558319       12206             655.42              
245     7.531465       11958             669.01              
246     7.513629       12245             653.33              
247     7.541960       12206             655.42              
248     7.528276       11957             669.06              
249     7.510735       12176             657.03              
250     7.499196       12224             654.45              
251     7.528345       11928             670.69              
252     7.534260       12226             654.34              
253     7.514352       12217             654.83              
254     7.526465       11944             669.79              
255     7.535499       12213             655.04              
256     7.514684       12241             653.54              
257     7.513756       11954             669.23              
258     7.520865       12202             655.63              
259     7.524800       12206             655.42              
260     7.513081       11955             669.18              
261     7.497673       12177             656.98              
262     7.516124       12128             659.63              
263     7.509652       12054             663.68              
264     7.511605       12232             654.02              
265     7.522310       12136             659.20              
266     7.504817       12056             663.57              
267     7.509985       12235             653.86              
268     7.529567       11939             670.07              
269     7.537917       12257             652.69              
270     7.534548       12239             653.65              
271     7.539491       11928             670.69              
272     7.519292       12208             655.31              
273     7.530228       12236             653.81              
274     7.520105       11957             669.06              
275     7.516558       12224             654.45              
276     7.526041       12205             655.47              
277     7.516778       11932             670.47              
278     7.517528       12208             655.31              
279     7.525986       12221             654.61              
280     7.520575       11953             669.29              
281     7.531701       12204             655.52              
282     7.510696       12242             653.49              
283     7.522050       11934             670.35              
284     7.513815       12198             655.85              
285     7.515385       12193             656.11              
286     7.518563       11952             669.34              
287     7.528266       12200             655.74              
288     7.501983       12260             652.53              
289     7.507442       11911             671.65              
290     7.531242       12246             653.27              
291     7.516036       12207             655.36              
292     7.536583       11948             669.57              
293     7.536766       12233             653.97              
294     7.537162       12248             653.17              
295     7.531574       11935             670.30              
296     7.538697       12205             655.47              
297     7.536565       12203             655.58              
298     7.523785       11969             668.39              
299     7.515794       12212             655.09              
300     7.528064       12184             656.60              
301     7.515333       11958             669.01              
302     7.505183       12226             654.34              
303     7.532473       12123             659.90              
304     7.512481       12009             666.17              
305     7.522606       12217             654.83              
306     7.529871       11938             670.13              
307     7.522335       12235             653.86              
308     7.531385       12251             653.01              
309     7.579836       11950             669.46              
310     7.567315       12202             655.63              
311     7.526494       12239             653.65              
312     7.521367       11942             669.90              
313     7.514092       12204             655.52              
314     7.505317       12248             653.17              
315     7.515314       11938             670.13              
316     7.520863       12183             656.65              
317     7.514816       12213             655.04              
318     7.479978       11917             671.31              
319     7.492369       12213             655.04              
320     7.511928       12233             653.97              
321     7.498454       11951             669.40              
322     7.502742       12235             653.86              
323     7.516810       12232             654.02              
324     7.512992       11913             671.54              
325     7.510952       12247             653.22              
326     7.533482       12203             655.58              
327     7.514345       11960             668.90              
328     7.521307       12251             653.01              
329     7.531724       12204             655.52              
330     7.530517       11926             670.80              
331     7.536397       12216             654.88              
332     7.529084       12237             653.76              
333     7.525586       11928             670.69              
334     7.520543       12210             655.20              
335     7.533998       12229             654.18              
336     7.510212       11943             669.85              
337     7.524127       12243             653.43              
338     7.496218       12139             659.03              
339     7.515851       12026             665.23              
340     7.518094       12208             655.31              
341     7.502154       12133             659.36              
342     7.516539       12030             665.00              
343     7.497934       12242             653.49              
344     7.499086       12143             658.82              
345     7.500471       12049             663.96              
346     7.504301       12243             653.43              
347     7.517927       12134             659.30              
348     7.510912       12060             663.35              
349     7.542851       12200             655.74              
350     7.534951       12096             661.38              
351     7.496722       12040             664.45              
352     7.530893       12209             655.25              
353     7.512332       11931             670.52              
354     7.500753       12222             654.56              
355     7.524161       12225             654.40              
356     7.532359       11947             669.62              
357     7.540716       12229             654.18              
358     7.521764       12254             652.85              
359     7.532212       11936             670.24              
360     7.531522       12250             653.06              
361     7.483986       12241             653.54              
362     7.507882       11938             670.13              
363     7.514762       12251             653.01              
364     7.501580       12254             652.85              
365     7.521763       11934             670.35              
366     7.505565       12221             654.61              
367     7.500195       12221             654.61              
368     7.511359       11930             670.58              
369     7.503056       12203             655.58              
370     7.479420       12198             655.85              
371     7.529914       11948             669.57              
372     7.505904       12199             655.79              
373     7.537840       12199             655.79              
374     7.515951       11948             669.57              
375     7.511024       12239             653.65              
376     7.523265       12224             654.45              
377     7.514480       11914             671.48              
378     7.518770       12231             654.08              
379     7.524704       12207             655.36              
380     7.540556       11952             669.34              
381     7.519239       12209             655.25              
382     7.543577       12250             653.06              
383     7.529408       11940             670.02              
384     7.521506       12207             655.36              
385     7.507198       12230             654.13              
386     7.533096       11949             669.51              
387     7.485533       12236             653.81              
388     7.508800       12187             656.44              
389     7.526364       11958             669.01              
390     7.511497       12238             653.70              
391     7.509772       12119             660.12              
392     7.518596       11988             667.33              
393     7.505463       12207             655.36              
394     7.498415       12104             660.94              
395     7.514857       12039             664.51              
396     7.502018       12239             653.65              
397     7.501769       11924             670.92              
398     7.530990       12244             653.38              
399     7.512524       12208             655.31              
400     7.509005       11930             670.58              
401     7.510211       12211             655.15              
402     7.507392       12243             653.43              
403     7.523291       11943             669.85              
404     7.518042       12180             656.81              
405     7.516108       12192             656.17              
406     7.526329       11931             670.52              
407     7.534644       12245             653.33              
408     7.534629       12240             653.59              
409     7.503706       11932             670.47              
410     7.503246       12211             655.15              
411     7.534862       12225             654.40              
412     7.535700       11937             670.19              
413     7.522180       12235             653.86              
414     7.497640       12217             654.83              
415     7.495886       11959             668.95              
416     7.513927       12229             654.18              
417     7.507842       12230             654.13              
418     7.494699       11950             669.46              
419     7.519119       12186             656.49              
420     7.512664       12193             656.11              
421     7.502679       11930             670.58              
422     7.526267       12245             653.33              
423     7.537871       12212             655.09              
424     7.521301       11930             670.58              
425     7.517701       12215             654.93              
426     7.511221       12233             653.97              
427     7.514627       11921             671.08              
428     7.521577       12212             655.09              
429     7.524261       12173             657.19              
430     7.541258       11943             669.85              
431     7.525784       12209             655.25              
432     7.539305       12111             660.56              
433     7.521734       12058             663.46              
434     7.517484       12234             653.92              
435     7.522514       12131             659.47              
436     7.509944       12026             665.23              
437     7.491954       12208             655.31              
438     7.518105       11924             670.92              
439     7.535954       12250             653.06              
440     7.500387       12248             653.17              
441     7.533757       11932             670.47              
442     7.517611       12210             655.20              
443     7.493457       12232             654.02              
444     7.524161       11954             669.23              
445     7.517317       12228             654.24              
446     7.523179       12177             656.98              
447     7.516972       11925             670.86              
448     7.524480       12229             654.18              
449     7.520587       12225             654.40              
450     7.520277       11954             669.23              
451     7.513320       12214             654.99              
452     7.513464       12220             654.66              
453     7.500782       11943             669.85              
454     7.531300       12194             656.06              
455     7.517123       12249             653.11              
456     7.539501       11922             671.03              
457     7.540997       12240             653.59              
458     7.518326       12194             656.06              
459     7.521089       11948             669.57              
460     7.505218       12211             655.15              
461     7.511740       12244             653.38              
462     7.521126       11956             669.12              
463     7.504949       12208             655.31              
464     7.512239       12239             653.65              
465     7.505370       11963             668.73              
466     7.512723       12218             654.77              
467     7.508054       12235             653.86              
468     7.510797       11958             669.01              
469     7.504624       12190             656.28              
470     7.542614       12146             658.65              
471     7.538317       12028             665.11              
472     7.537849       12198             655.85              
473     7.523523       12103             660.99              
474     7.522437       12073             662.64              
475     7.544842       12225             654.40              
476     7.519895       11929             670.63              
477     7.536293       12194             656.06              
478     7.532224       12222             654.56              
479     7.520960       11917             671.31              
480     7.507135       12197             655.90              
481     7.532048       12202             655.63              
482     7.537724       11929             670.63              
483     7.517648       12232             654.02              
484     7.520351       12239             653.65              
485     7.525019       11917             671.31              
486     7.505980       12235             653.86              
487     7.503586       12221             654.61              
488     7.516982       11930             670.58              
489     7.527315       12231             654.08              
490     7.526047       12214             654.99              
491     7.521558       11955             669.18              
492     7.515436       12235             653.86              
493     7.515289       12230             654.13              
494     7.519020       11945             669.74              
495     7.526914       12258             652.64              
496     7.524105       12236             653.81              
497     7.537166       11911             671.65              
498     7.522618       12231             654.08              
499     7.509474       12234             653.92              
500     7.530046       11911             671.65              
501     7.521037       12247             653.22              
502     7.551377       12240             653.59              
503     7.520452       11919             671.20              
504     7.528317       12236             653.81              
505     7.515585       12213             655.04              
506     7.525467       11954             669.23              
507     7.508994       12232             654.02              
508     7.513455       12218             654.77              
509     7.517144       11930             670.58              
510     7.509868       12188             656.38              
511     7.511288       12118             660.17              
512     7.501981       12058             663.46              
513     7.498740       12205             655.47              
514     7.504878       12150             658.44              
515     7.519946       12054             663.68              
516     7.506407       12230             654.13              
517     7.500721       11926             670.80              
518     7.523888       12206             655.42              
519     7.526364       12207             655.36              
520     7.512781       11940             670.02              
521     7.532685       12248             653.17              
522     7.514297       12244             653.38              
523     7.515645       12548             637.55              
524     7.514246       11710             683.18              
525     7.518784       12209             655.25              
526     7.525819       11940             670.02              
527     7.525397       12125             659.79              
528     7.506459       12050             663.90              
529     7.528307       12202             655.63              
530     7.517393       12115             660.34              
531     7.514015       12013             665.95              
532     7.503311       12198             655.85              
533     7.524192       11925             670.86              
534     7.512638       12226             654.34              
535     7.524858       12254             652.85              
536     7.516889       11926             670.80              
537     7.513332       12206             655.42              
538     7.512000       12203             655.58              
539     7.517281       11951             669.40              
540     7.516785       12220             654.66              
541     7.499066       12201             655.68              
542     7.508471       12081             662.20              
543     7.531691       12393             645.53              
544     7.550651       11965             668.62              
545     7.529284       11950             669.46              
546     7.511705       12088             661.81              
547     7.539997       12060             663.35              
548     7.523046       12220             654.66              
549     7.508070       11939             670.07              
550     7.498885       12243             653.43              
551     7.524537       12229             654.18              
552     7.532295       11904             672.04              
553     7.512979       12242             653.49              
554     7.521104       12214             654.99              
555     7.528214       11952             669.34              
556     7.514079       12214             654.99              
557     7.513539       12234             653.92              
558     7.520359       11945             669.74              
559     7.518725       12242             653.49              
560     7.513637       12240             653.59              
561     7.493674       11939             670.07              
562     7.517130       12233             653.97              
563     7.506326       12215             654.93              
564     7.509865       11952             669.34              
565     7.524076       12230             654.13              
566     7.501501       12233             653.97              
567     7.507041       11935             670.30              
568     7.526121       12240             653.59              
569     7.536016       12199             655.79              
570     7.535457       11960             668.90              
571     7.536588       12231             654.08              
572     7.520198       12761             626.91              
573     7.528161       12275             651.73              
574     7.519356       11880             673.40              
575     7.511290       12432             643.50              
576     7.525106       12124             659.85              
577     7.517602       12037             664.62              
578     7.517501       11989             667.28              
579     7.520796       11890             672.83              
580     7.518895       11755             680.56              
581     7.532570       11695             684.05              
582     7.506813       11980             667.78              
583     7.520578       11718             682.71              
584     7.513318       11723             682.42              
585     7.516030       11711             683.12              
586     7.512501       11713             683.00              
587     7.528544       11716             682.83              
588     7.500400       11710             683.18              
589     7.504381       11723             682.42              
590     7.529187       11957             669.06              
591     7.517145       11953             669.29              
592     7.536170       11746             681.08              
593     7.539221       11691             684.29              
594     7.535118       11690             684.35              
595     7.523933       11690             684.35              
596     7.534248       11684             684.70              
597     7.536997       11694             684.11              
598     7.518714       11696             683.99              
599     7.515963       11689             684.40              
600     7.526366       11700             683.76              
601     7.515616       11690             684.35              
602     7.504738       11687             684.52              
603     7.526526       11694             684.11              
604     7.512859       11692             684.23              
605     7.524290       11694             684.11              
606     7.526301       11695             684.05              
607     7.521048       11690             684.35              
608     7.531779       11693             684.17              
609     7.578428       11694             684.11              
610     7.565146       11692             684.23              
611     7.528343       11691             684.29              
612     7.522526       11688             684.46              
613     7.508778       11691             684.29              
614     7.506162       11687             684.52              
615     7.517294       11692             684.23              
616     7.521032       11691             684.29              
617     7.513039       11694             684.11              
618     7.481858       11695             684.05              
619     7.492349       11701             683.70              
620     7.509058       11691             684.29              
621     7.497398       11757             680.45              
622     7.505528       11832             676.13              
623     7.512151       11961             668.84              
624     7.513054       11833             676.08              
625     7.510772       11741             681.37              
626     7.530774       11723             682.42              
627     7.510562       11724             682.36              
628     7.525455       11734             681.78              
629     7.530192       11694             684.11              
630     7.523225       11694             684.11              
631     7.535448       11690             684.35              
632     7.533420       11692             684.23              
633     7.520190       11698             683.88              
634     7.517921       11702             683.64              
635     7.535871       11699             683.82              
636     7.509228       11699             683.82              
637     7.521188       11694             684.11              
638     7.495693       11691             684.29              
639     7.515254       11696             683.99              
640     7.514997       11689             684.40              
641     7.501355       11693             684.17              
642     7.516832       11692             684.23              
643     7.495668       11689             684.40              
644     7.496301       11691             684.29              
645     7.500078       11688             684.46              
646     7.502461       11693             684.17              
647     7.514870       11693             684.17              
648     7.511701       11686             684.58              
649     7.543993       11692             684.23              
650     7.528080       11691             684.29              
651     7.495316       11691             684.29              
652     7.528152       11685             684.64              
653     7.510547       11693             684.17              
654     7.498872       11682             684.81              
655     7.520478       11690             684.35              
656     7.527667       11748             680.97              
657     7.541436       11715             682.89              
658     7.522411       11766             679.93              
659     7.534659       11770             679.69              
660     7.519461       11758             680.39              
661     7.483711       11782             679.00              
662     7.505142       11749             680.91              
663     7.511508       11722             682.48              
664     7.500999       11721             682.54              
665     7.518150       11743             681.26              
666     7.505673       11730             682.01              
667     7.495859       11774             679.46              
668     7.511549       11768             679.81              
669     7.499824       11685             684.64              
670     7.476551       11715             682.89              
671     7.528622       11701             683.70              
672     7.505209       11698             683.88              
673     7.532382       11700             683.76              
674     7.514796       11697             683.94              
675     7.508396       11706             683.41              
676     7.522985       11694             684.11              
677     7.510680       11697             683.94              
678     7.515977       11700             683.76              
679     7.521996       11696             683.99              
680     7.534822       11708             683.29              
681     7.524543       11696             683.99              
682     7.539206       11698             683.88              
683     7.521874       11701             683.70              
684     7.520851       11696             683.99              
685     7.504650       11699             683.82              
686     7.524806       11694             684.11              
687     7.485978       11849             675.16              
688     7.506316       11795             678.25              
689     7.523416       11973             668.17              
690     7.507592       11766             679.93              
691     7.507036       11898             672.38              
692     7.514221       11840             675.68              
693     7.503774       11905             671.99              
694     7.499364       11729             682.07              
695     7.509133       11887             673.00              
696     7.496727       11953             669.29              
697     7.503003       11798             678.08              
698     7.529455       11817             676.99              
699     7.509854       11739             681.49              
700     7.506848       11805             677.68              
701     7.506360       11826             676.48              
702     7.506393       11954             669.23              
703     7.522244       12060             663.35              
704     7.514081       11939             670.07              
705     7.513449       11890             672.83              
706     7.523568       11886             673.06              
707     7.535511       12037             664.62              
708     7.529370       11936             670.24              
709     7.502579       12097             661.32              
710     7.501115       12096             661.38              
711     7.530377       12061             663.29              
712     7.537313       11848             675.22              
713     7.518102       11799             678.02              
714     7.494483       11722             682.48              
715     7.497544       11757             680.45              
716     7.510929       11721             682.54              
717     7.505660       11710             683.18              
718     7.494455       11718             682.71              
719     7.518109       11689             684.40              
720     7.510406       11694             684.11              
721     7.502642       11685             684.64              
722     7.526304       11689             684.40              
723     7.533678       11690             684.35              
724     7.520563       11685             684.64              
725     7.517763       11755             680.56              
726     7.505784       11727             682.19              
727     7.514602       11739             681.49              
728     7.521680       11710             683.18              
729     7.520719       11707             683.35              
730     7.536878       11710             683.18              
731     7.526421       11711             683.12              
732     7.534847       11726             682.24              
733     7.519744       11733             681.84              
734     7.519181       11711             683.12              
735     7.519543       11708             683.29              
736     7.504898       11741             681.37              
737     7.493145       11727             682.19              
738     7.515283       11738             681.55              
739     7.533074       11713             683.00              
740     7.501219       11715             682.89              
741     7.529245       11714             682.94              
742     7.513439       11730             682.01              
743     7.488994       11713             683.00              
744     7.526651       11714             682.94              
745     7.515023       11707             683.35              
746     7.520325       11725             682.30              
747     7.516512       11716             682.83              
748     7.524800       11711             683.12              
749     7.512280       11713             683.00              
750     7.519001       11710             683.18              
751     7.516428       11714             682.94              
752     7.508113       11761             680.21              
753     7.497684       11770             679.69              
754     7.532449       11822             676.70              
755     7.517207       11771             679.64              
756     7.532553       11715             682.89              
757     7.542089       11868             674.08              
758     7.518480       11886             673.06              
759     7.516677       11779             679.17              
760     7.503284       11692             684.23              
761     7.510696       11873             673.80              
762     7.517394       12048             664.01              
763     7.501350       12271             651.94              
764     7.512989       11954             669.23              
765     7.502474       11761             680.21              
766     7.509808       11770             679.69              
767     7.507658       11789             678.60              
768     7.502047       11708             683.29              
769     7.506356       11704             683.53              
770     7.538102       11704             683.53              
771     7.537709       11702             683.64              
772     7.534278       11707             683.35              
773     7.521072       11702             683.64              
774     7.522046       11705             683.47              
775     7.536246       11705             683.47              
776     7.517207       11708             683.29              
777     7.537478       11703             683.59              
778     7.525083       11709             683.24              
779     7.517687       11699             683.82              
780     7.505251       11707             683.35              
781     7.527839       11665             685.81              
782     7.532445       11663             685.93              
783     7.514380       11668             685.64              
784     7.514979       11661             686.05              
785     7.522160       11656             686.34              
786     7.502495       11666             685.75              
787     7.499345       11678             685.05              
788     7.510490       11669             685.58              
789     7.525995       11665             685.81              
790     7.520780       11790             678.54              
791     7.516737       11777             679.29              
792     7.510150       11701             683.70              
793     7.512164       11942             669.90              
794     7.512673       11667             685.69              
795     7.521894       11677             685.11              
796     7.525454       11669             685.58              
797     7.528562       11795             678.25              
798     7.513467       11843             675.50              
799     7.506950       12275             651.73              
800     7.526303       11783             678.94              
801     7.511604       11779             679.17              
802     7.546535       11758             680.39              
803     7.514752       11856             674.76              
804     7.516553       11796             678.20              
805     7.514484       11795             678.25              
806     7.519374       11800             677.97              
807     7.500476       11829             676.30              
808     7.508144       11808             677.51              
809     7.514371       11805             677.68              
810     7.499793       11789             678.60              
811     7.501797       11712             683.06              
812     7.501349       11726             682.24              
813     7.492384       11818             676.93              
814     7.495901       12297             650.57              
815     7.515359       12208             655.31              
816     7.502624       11764             680.04              
817     7.494331       11763             680.10              
818     7.513643       11714             682.94              
819     7.526170       11671             685.46              
820     7.504610       11659             686.17              
821     7.525963       11664             685.87              
822     7.509325       11671             685.46              
823     7.511134       11664             685.87              
824     7.504810       11664             685.87              
825     7.515333       11662             685.99              
826     7.520284       11669             685.58              
827     7.517591       11675             685.22              
828     7.503681       11665             685.75              
829     7.525383       11662             685.99              
830     7.507681       11667             685.69              
831     7.506510       11697             683.94              
832     7.502305       11881             673.34              
833     7.518887       11716             682.83              
834     7.505994       11754             680.62              
835     7.522117       11752             680.74              
836     7.510425       12331             648.77              
837     7.505763       12067             662.97              
838     7.508116       11747             681.02              
839     7.512046       11867             674.14              
840     7.509375       11950             669.46              
841     7.497602       12180             656.81              
842     7.502643       12110             660.61              
843     7.522876       11816             677.05              
844     7.547204       12398             645.27              
845     7.527266       11714             682.94              
846     7.505853       11884             673.17              
847     7.532673       11697             683.94              
848     7.518654       11691             684.29              
849     7.503354       11688             684.46              
850     7.490802       11688             684.46              
851     7.527645       11695             684.05              
852     7.522836       11687             684.52              
853     7.508561       12196             655.95              
854     7.519076       11874             673.74              
855     7.527633       11770             679.69              
856     7.506920       12127             659.69              
857     7.506342       12295             650.67              
858     7.520987       11863             674.37              
859     7.513165       11813             677.22              
860     7.506793       11667             685.69              
861     7.493012       11668             685.64              
862     7.514056       11673             685.34              
863     7.500606       11686             684.58              
864     7.505354       11678             685.05              
865     7.528123       11673             685.34              
866     7.493331       11674             685.28              
867     7.502877       11671             685.46              
868     7.527620       11672             685.40              
869     7.528079       11675             685.22              
870     7.530490       11671             685.46              
871     7.533520       11670             685.52              
872     7.520541       11672             685.40              
873     7.523802       11671             685.46              
874     7.514350       11672             685.40              
875     7.511231       11674             685.28              
876     7.522303       11673             685.34              
877     7.511744       11672             685.40              
878     7.515716       11677             685.11              
879     7.519330       11673             685.34              
880     7.514782       11668             685.64              
881     7.528547       11670             685.52              
882     7.503016       11673             685.34              
883     7.520951       11675             685.22              
884     7.515256       11676             685.17              
885     7.507701       11669             685.58              
886     7.512943       11672             685.40              
887     7.524454       11673             685.34              
888     7.496388       11680             684.93              
889     7.503516       11676             685.17              
890     7.526867       11674             685.28              
891     7.514352       11676             685.17              
892     7.536491       11667             685.69              
893     7.538585       11673             685.34              
894     7.529616       11677             685.11              
895     7.523100       11677             685.11              
900     7.525954       11671             685.46              
901     7.513106       11667             685.69              
902     7.503776       11670             685.52              
903     7.525831       11675             685.22              
904     7.508094       11697             683.94              
905     7.523072       11668             685.64              
906     7.526310       11672             685.40              
907     7.519470       11673             685.34              
908     7.527889       11673             685.34              
909     7.577825       11670             685.52              
910     7.563653       11673             685.34              
911     7.524554       11673             685.34              
912     7.522134       11671             685.46              
913     7.510561       11666             685.75              
914     7.502970       11687             684.52              
915     7.514338       11678             685.05              
916     7.519200       11675             685.22              
917     7.510622       11674             685.28              
918     7.480292       11671             685.46              
919     7.487795       11672             685.40              
920     7.511812       11671             685.46              
921     7.493608       11673             685.34              
922     7.505312       11669             685.58              
923     7.510404       11667             685.69              
924     7.511860       11673             685.34              
925     7.507615       11667             685.69              
926     7.531608       11673             685.34              
927     7.511801       11673             685.34              
928     7.526098       11671             685.46              
929     7.525567       11669             685.58              
930     7.524345       11675             685.22              
931     7.534262       11669             685.58              
932     7.532230       11668             685.64              
933     7.516425       11667             685.69              
934     7.516809       11672             685.40              
935     7.537475       11674             685.28              
936     7.507139       11672             685.40              
937     7.518912       11668             685.64              
938     7.493576       11669             685.58              
939     7.511998       11675             685.22              
940     7.517897       11677             685.11              
941     7.498650       11672             685.40              
942     7.512754       12489             640.56              
943     7.498419       11736             681.66              
944     7.494792       11864             674.31              
945     7.502209       12097             661.32              
946     7.498801       11865             674.25              
947     7.511530       11967             668.51              
948     7.512265       11743             681.26              
949     7.543535       11859             674.59              
950     7.524553       11693             684.17              
951     7.494455       11696             683.99              
952     7.524469       11939             670.07              
953     7.508981       12080             662.25              
954     7.500314       12110             660.61              
955     7.519442       11770             679.69              
956     7.524534       12576             636.13              
957     7.543817       12716             629.13              
958     7.518724       12590             635.42              
959     7.532770       12279             651.52              
960     7.519808       12188             656.38              
961     7.482272       12215             654.93              
962     7.498945       12166             657.57              
963     7.512872       12290             650.94              
964     7.500394       12184             656.60              
965     7.517924       12236             653.81              
966     7.508609       12193             656.11              
967     7.487915       12480             641.03              
968     7.511058       20656             387.30              
969     7.499541       21233             376.77              
970     7.479681       12183             656.65              
971     7.527080       12933             618.57              
972     7.502007       12467             641.69              
973     7.530250       12419             644.17              
974     7.513150       12130             659.52              
975     7.508469       12152             658.33              
976     7.520412       12137             659.14              
977     7.510515       12184             656.60              
978     7.513557       12339             648.35              
979     7.521269       12506             639.69              
980     7.533179       12552             637.35              
981     7.522366       12450             642.57              
982     7.536659       12272             651.89              
983     7.521351       12312             649.77              
984     7.519248       12504             639.80              
985     7.504765       12516             639.18              
986     7.521312       12585             635.68              
987     7.485578       12477             641.18              
988     7.505305       12531             638.42              
989     7.520695       12413             644.49              
990     7.508290       12209             655.25              
991     7.507476       12109             660.67              
992     7.513075       12152             658.33              
993     7.501214       12129             659.58              
994     7.499694       12259             652.58              
995     7.509062       12116             660.28              
996     7.493745       12082             662.14              
997     7.502909       12231             654.08              
998     7.529148       12197             655.90              
999     7.508297       12197             655.90              
